NAME : amtsp
TYPE : ATSP
DIMENSION : 13
EDGE_WEIGHT_TYPE : EXPLICIT
EDGE_WEIGHT_FORMAT : FULL_MATRIX
EDGE_WEIGHT_SECTION
100000 -100000 100000 100000 100000 100000 100000 100000 100000 100000 100000 100000 100000 
100000 100000 2052 2754 2681 2858 169 520 1726 1579 1573 1729 660 
0 0 100000 500 702 2388 2269 2506 2504 2141 684 424 395 
0 0 500 100000 466 2200 2981 3254 3251 2885 2508 2125 2078 
0 0 702 466 100000 466 2912 3304 3398 3063 2721 2384 2173 
0 0 2388 2200 466 100000 3068 3538 3711 3422 3133 2860 2565 
0 0 2269 2981 2912 3068 100000 363 584 578 646 796 775 
0 0 2506 3254 3304 3538 363 100000 -264 -147 602 857 998 
0 0 2504 3251 3398 3711 584 -264 100000 -244 504 758 1067 
0 0 2141 2885 3063 3422 578 -147 -244 100000 252 510 759 
0 0 684 2508 2721 3133 646 602 504 252 100000 -240 -101 
0 0 424 2125 2384 2860 796 857 758 510 -240 100000 -248 
0 0 395 2078 2173 2565 775 998 1067 759 -101 -248 100000 
