NAME : pairopt
TYPE : ACVRP
DIMENSION : 20
EDGE_WEIGHT_TYPE : EXPLICIT
EDGE_WEIGHT_FORMAT : FULL_MATRIX
CAPACITY : 17968
VEHICLES : 2
EDGE_WEIGHT_SECTION
100000 -100000 -100000 100000 100000 100000 100000 100000 100000 100000 100000 100000 100000 100000 100000 100000 100000 100000 100000 100000 
100000 100000 1000000 -218 3871 4036 3597 3302 3212 2372 4296 3716 2736 2742 4095 3187 3595 3517 2298 2044 
100000 1000000 100000 3200 2186 1701 528 207 478 1712 2266 1848 321 495 1796 218 2230 302 1697 2031 
0 0 0 100000 4043 4034 3702 3302 3332 2338 4430 3857 2767 2712 4166 3263 3794 3582 2315 1021 
0 0 0 4043 100000 2465 468 2390 630 2895 421 233 2404 2717 734 829 274 700 2737 3111 
0 0 0 4034 2465 100000 729 490 882 2497 2200 2140 2110 2125 466 745 2694 510 2547 2836 
0 0 0 3702 468 729 100000 635 271 1055 521 234 693 918 422 320 647 232 1078 2625 
0 0 0 3302 2390 490 635 100000 662 684 2389 2042 429 434 691 411 2471 402 799 2106 
0 0 0 3332 630 882 271 662 100000 900 803 368 565 795 692 229 577 356 845 2309 
0 0 0 2338 2895 2497 1055 684 900 100000 3119 2610 360 249 2707 728 2793 953 249 230 
0 0 0 4430 421 2200 521 2389 803 3119 100000 419 2603 2861 466 834 695 739 3010 3388 
0 0 0 3857 233 2140 234 2042 368 2610 419 100000 2104 2401 526 568 387 466 2474 2852 
0 0 0 2767 2404 2110 693 429 565 360 2603 2104 100000 230 2212 374 2346 597 344 585 
0 0 0 2712 2717 2125 918 434 795 249 2861 2401 230 100000 2385 592 2681 738 533 479 
0 0 0 4166 734 466 422 691 692 2707 466 526 2212 2385 100000 645 888 420 2665 3020 
0 0 0 3263 829 745 320 411 229 728 834 568 374 592 645 100000 761 225 788 2152 
0 0 0 3794 274 2694 647 2471 577 2793 695 387 2346 2681 888 761 100000 854 2604 2961 
0 0 0 3582 700 510 232 402 356 953 739 466 597 738 420 225 854 100000 1655 2442 
0 0 0 2315 2737 2547 1078 799 845 249 3010 2474 344 533 2665 788 2604 1655 100000 1062 
0 0 0 1021 3111 2836 2625 2106 2309 230 3388 2852 585 479 3020 2152 2961 2442 1062 100000 
DEMAND_SECTION
1 0
2 0
3 0
4 184
5 971
6 3966
7 969
8 3816
9 109
10 866
11 3966
12 975
13 475
14 905
15 3966
16 749
17 396
18 977
19 5
20 657
DEPOT_SECTION
1
EOF