NAME : pairopt
TYPE : ACVRP
DIMENSION : 18
EDGE_WEIGHT_TYPE : EXPLICIT
EDGE_WEIGHT_FORMAT : FULL_MATRIX
CAPACITY : 35114
VEHICLES : 2
EDGE_WEIGHT_SECTION
100000 -100000 -100000 100000 100000 100000 100000 100000 100000 100000 100000 100000 100000 100000 100000 100000 100000 100000 
100000 100000 1000000 2525 2000 2661 331 1775 340 84 2661 2942 534 137 2942 1675 2254 2825 
100000 1000000 100000 2531 2093 2610 368 1786 308 72 2723 2898 1679 237 2996 1799 2332 2830 
0 0 0 100000 702 466 2130 500 2126 2458 466 4614 2455 2496 4614 3156 3880 4550 
0 0 0 702 100000 2388 530 466 751 829 500 4110 500 775 3800 2300 3050 3880 
0 0 0 466 2388 100000 2380 702 2215 2565 2200 4550 2851 2698 4802 3450 4110 4614 
0 0 0 2130 530 2380 100000 431 230 1082 2222 3381 405 1045 3287 1513 2561 3235 
0 0 0 500 466 702 431 100000 426 639 702 3880 702 676 3880 2455 3156 3800 
0 0 0 2126 751 2215 230 426 100000 257 2379 3290 634 352 3387 863 2699 3241 
0 0 0 2458 829 2565 1082 639 257 100000 2633 2982 579 189 3037 700 2358 2896 
0 0 0 466 500 2200 2222 702 2379 2633 100000 4802 2300 2568 4550 3050 3800 4614 
0 0 0 4614 4110 4550 3381 3880 3290 2982 4802 100000 3450 3038 2200 2851 2388 466 
0 0 0 2455 500 2851 405 702 634 579 2300 3450 100000 404 3050 499 2300 3156 
0 0 0 2496 775 2698 1045 676 352 189 2568 3038 404 100000 2929 517 2215 2869 
0 0 0 4614 3800 4802 3287 3880 3387 3037 4550 2200 3050 2929 100000 2300 500 466 
0 0 0 3156 2300 3450 1513 2455 863 700 3050 2851 499 517 2300 100000 500 2455 
0 0 0 3880 3050 4110 2561 3156 2699 2358 3800 2388 2300 2215 500 500 100000 702 
0 0 0 4550 3880 4614 3235 3800 3241 2896 4614 466 3156 2869 466 2455 702 100000 
DEMAND_SECTION
1 0
2 0
3 0
4 3966
5 3966
6 3966
7 977
8 3966
9 947
10 322
11 3966
12 3966
13 3966
14 938
15 3966
16 3966
17 3966
18 3966
DEPOT_SECTION
1
EOF