NAME : amtsp
TYPE : ATSP
DIMENSION : 20
EDGE_WEIGHT_TYPE : EXPLICIT
EDGE_WEIGHT_FORMAT : FULL_MATRIX
EDGE_WEIGHT_SECTION
100000 -100000 100000 100000 100000 100000 100000 100000 100000 100000 100000 100000 100000 100000 100000 100000 100000 100000 100000 100000 
100000 100000 120 1645 2359 3038 2896 2980 2275 2147 520 1891 2564 2458 1710 2002 2635 1713 421 493 
0 0 100000 416 788 2588 2447 2590 799 598 428 2324 3017 2902 2152 2321 3015 230 623 667 
0 0 416 100000 627 2451 2565 2917 2403 774 2057 2693 3284 2991 2288 2151 2901 330 2136 2281 
0 0 788 627 100000 500 689 2388 2200 466 2397 3450 4110 3880 3156 3050 3800 2117 2655 2789 
0 0 2588 2451 500 100000 466 2200 2388 689 2907 4110 4802 4614 3880 3800 4550 2865 3229 3347 
0 0 2447 2565 689 466 100000 466 689 500 2552 3880 4614 4550 3800 3880 4614 3019 2919 3010 
0 0 2590 2917 2388 2200 466 100000 500 689 2436 3800 4550 4614 3880 4110 4802 3362 2815 2864 
0 0 799 2403 2200 2388 689 500 100000 466 619 3050 3800 3880 3156 3450 4110 2808 2067 2115 
0 0 598 774 466 689 500 689 466 100000 764 3156 3880 3800 3050 3156 3880 2348 2226 2334 
0 0 428 2057 2397 2907 2552 2436 619 764 100000 2166 2915 3006 2303 2705 3298 2312 313 337 
0 0 2324 2693 3450 4110 3880 3800 3050 3156 2166 100000 500 689 466 2200 2388 2587 1460 1428 
0 0 3017 3284 4110 4802 4614 4550 3800 3880 2915 500 100000 466 702 2388 2200 3072 2538 2490 
0 0 2902 2991 3880 4614 4550 4614 3880 3800 3006 689 466 100000 500 1483 1266 2676 2658 2665 
0 0 2152 2288 3156 3880 3800 3880 3156 3050 2303 466 702 500 100000 1266 1483 1631 1591 1619 
0 0 2321 2151 3050 3800 3880 4110 3450 3156 2705 2200 2388 1483 1266 100000 500 1430 2479 2564 
0 0 3015 2901 3800 4550 4614 4802 4110 3880 3298 2388 2200 1266 1483 500 100000 2492 3005 3054 
0 0 230 330 2117 2865 3019 3362 2808 2348 2312 2587 3072 2676 1631 1430 2492 100000 2280 2416 
0 0 623 2136 2655 3229 2919 2815 2067 2226 313 1460 2538 2658 1591 2479 3005 2280 100000 -371 
0 0 667 2281 2789 3347 3010 2864 2115 2334 337 1428 2490 2665 1619 2564 3054 2416 -371 100000 
